institution_count	povertylevel_50percent	povertylevel_125percent	povertylevel_150percent	povertylevel_185percent	povertylevel_200percent	povertylevel_300percent	povertylevel_400percent	povertylevel_500percent	povertylevel_over500percent	pct_totpop
0	0.072	0.162	0.065	0.071	0.027	0.169	0.131	0.087	0.218	1.000
1	0.056	0.135	0.050	0.067	0.036	0.172	0.131	0.106	0.246	1.000
2	0.054	0.103	0.040	0.060	0.034	0.167	0.152	0.094	0.297	1.000
3	0.049	0.100	0.033	0.058	0.030	0.165	0.139	0.085	0.341	1.000
4	0.055	0.108	0.047	0.081	0.043	0.206	0.137	0.090	0.235	1.000
5	0.093	0.127	0.080	0.067	0.029	0.177	0.112	0.096	0.219	1.000
6	0.083	0.151	0.056	0.068	0.036	0.166	0.117	0.078	0.244	1.000
7	0.073	0.112	0.058	0.068	0.030	0.177	0.136	0.101	0.246	1.000
8	0.076	0.131	0.052	0.072	0.036	0.195	0.129	0.085	0.223	1.000
9	0.046	0.079	0.034	0.065	0.020	0.132	0.156	0.090	0.377	1.000
10	0.058	0.111	0.048	0.077	0.021	0.167	0.138	0.105	0.275	1.000
11	0.052	0.109	0.048	0.069	0.019	0.152	0.136	0.108	0.306	1.000
12	0.053	0.141	0.055	0.071	0.026	0.156	0.135	0.097	0.267	1.000
13	0.058	0.142	0.068	0.053	0.019	0.153	0.128	0.097	0.280	1.000
14	0.048	0.140	0.066	0.066	0.024	0.173	0.144	0.100	0.239	1.000
15	0.051	0.143	0.063	0.062	0.023	0.170	0.136	0.098	0.254	1.000
16	0.048	0.125	0.053	0.062	0.023	0.164	0.135	0.103	0.288	1.000
17	0.062	0.121	0.050	0.064	0.027	0.182	0.139	0.097	0.258	1.000
18	0.048	0.129	0.049	0.074	0.025	0.176	0.138	0.090	0.271	1.000
19	0.047	0.122	0.056	0.072	0.024	0.171	0.135	0.093	0.280	1.000
20	0.058	0.136	0.059	0.069	0.021	0.169	0.140	0.086	0.262	1.000
21	0.047	0.115	0.046	0.063	0.018	0.160	0.135	0.094	0.322	1.000
22	0.046	0.116	0.043	0.057	0.018	0.163	0.136	0.096	0.327	1.000
23	0.044	0.116	0.049	0.063	0.024	0.165	0.135	0.093	0.310	1.000
24	0.041	0.121	0.050	0.070	0.023	0.154	0.139	0.095	0.308	1.000
25	0.033	0.102	0.045	0.053	0.022	0.144	0.130	0.097	0.374	1.000
26	0.038	0.109	0.040	0.057	0.024	0.146	0.129	0.092	0.366	1.000
27	0.037	0.109	0.031	0.051	0.018	0.150	0.135	0.107	0.361	1.000
28	0.041	0.114	0.034	0.051	0.020	0.141	0.133	0.100	0.366	1.000
29	0.041	0.120	0.036	0.065	0.020	0.146	0.129	0.099	0.345	1.000
30	0.037	0.102	0.033	0.059	0.017	0.141	0.126	0.104	0.380	1.000
31	0.037	0.092	0.032	0.055	0.021	0.146	0.129	0.106	0.381	1.000
32	0.038	0.096	0.031	0.053	0.018	0.143	0.126	0.103	0.391	1.000
33	0.030	0.069	0.024	0.044	0.018	0.123	0.113	0.105	0.475	1.000
34	0.030	0.071	0.031	0.044	0.019	0.126	0.114	0.105	0.458	1.000
35	0.034	0.090	0.030	0.045	0.017	0.129	0.133	0.101	0.421	1.000
36	0.033	0.083	0.032	0.045	0.017	0.128	0.122	0.101	0.438	1.000
37	0.037	0.083	0.029	0.042	0.016	0.129	0.119	0.102	0.443	1.000
38	0.041	0.091	0.033	0.048	0.020	0.139	0.125	0.109	0.393	1.000
39	0.041	0.093	0.027	0.041	0.022	0.134	0.127	0.103	0.412	1.000
40	0.038	0.086	0.030	0.047	0.018	0.131	0.131	0.111	0.407	1.000
41	0.037	0.091	0.029	0.040	0.019	0.133	0.128	0.111	0.412	1.000
42	0.036	0.085	0.032	0.037	0.018	0.119	0.129	0.108	0.435	1.000
43	0.036	0.076	0.031	0.042	0.021	0.129	0.136	0.108	0.421	1.000
44	0.038	0.077	0.035	0.039	0.020	0.131	0.133	0.113	0.415	1.000
45	0.040	0.085	0.033	0.044	0.024	0.137	0.134	0.112	0.392	1.000
46	0.045	0.089	0.037	0.049	0.021	0.134	0.137	0.107	0.380	1.000
47	0.049	0.096	0.042	0.047	0.023	0.140	0.142	0.104	0.356	1.000
48	0.042	0.082	0.033	0.041	0.022	0.139	0.135	0.108	0.398	1.000
49	0.035	0.077	0.032	0.042	0.023	0.133	0.142	0.108	0.406	1.000
50	0.042	0.087	0.031	0.043	0.025	0.143	0.143	0.105	0.381	1.000
51	0.045	0.089	0.032	0.049	0.025	0.141	0.140	0.106	0.372	1.000
52	0.041	0.082	0.031	0.046	0.022	0.143	0.139	0.111	0.386	1.000
53	0.039	0.094	0.033	0.046	0.019	0.132	0.144	0.112	0.381	1.000
54	0.045	0.108	0.037	0.048	0.021	0.143	0.138	0.105	0.354	1.000
55	0.041	0.083	0.028	0.047	0.019	0.150	0.145	0.118	0.369	1.000
56	0.035	0.081	0.032	0.043	0.017	0.139	0.131	0.116	0.405	1.000
57	0.031	0.076	0.031	0.043	0.016	0.111	0.130	0.117	0.445	1.000
58	0.038	0.091	0.035	0.051	0.020	0.123	0.134	0.119	0.391	1.000
59	0.036	0.084	0.027	0.059	0.022	0.143	0.142	0.107	0.378	1.000
60	0.037	0.078	0.028	0.048	0.019	0.137	0.138	0.115	0.401	1.000
61	0.040	0.078	0.027	0.054	0.019	0.144	0.134	0.124	0.380	1.000
62	0.038	0.084	0.031	0.060	0.022	0.145	0.145	0.130	0.346	1.000
63	0.033	0.061	0.026	0.048	0.018	0.123	0.139	0.125	0.428	1.000
64	0.033	0.073	0.030	0.055	0.019	0.154	0.144	0.135	0.356	1.000
65	0.028	0.061	0.029	0.051	0.018	0.137	0.144	0.139	0.394	1.000
66	0.030	0.056	0.029	0.046	0.023	0.154	0.140	0.134	0.388	1.000
67	0.033	0.058	0.035	0.047	0.027	0.147	0.141	0.129	0.383	1.000
68	0.039	0.065	0.031	0.047	0.025	0.146	0.139	0.133	0.374	1.000
69	0.037	0.068	0.033	0.050	0.027	0.154	0.139	0.128	0.364	1.000
70	0.034	0.072	0.034	0.057	0.029	0.163	0.144	0.127	0.339	1.000
71	0.039	0.075	0.031	0.050	0.025	0.161	0.145	0.122	0.352	1.000
72	0.038	0.076	0.032	0.052	0.023	0.163	0.149	0.122	0.346	1.000
73	0.044	0.097	0.039	0.060	0.021	0.157	0.141	0.104	0.339	1.000
74	0.045	0.106	0.043	0.055	0.022	0.170	0.132	0.107	0.320	1.000
75	0.042	0.108	0.045	0.061	0.024	0.168	0.141	0.109	0.303	1.000
76	0.049	0.131	0.053	0.078	0.028	0.167	0.143	0.104	0.246	1.000
77	0.047	0.123	0.052	0.070	0.031	0.163	0.131	0.093	0.291	1.000
78	0.047	0.116	0.047	0.070	0.027	0.178	0.144	0.098	0.272	1.000
79	0.045	0.110	0.044	0.067	0.025	0.164	0.131	0.102	0.311	1.000
80	0.053	0.122	0.056	0.069	0.027	0.171	0.138	0.099	0.265	1.000
81	0.061	0.143	0.059	0.067	0.028	0.185	0.128	0.095	0.233	1.000
82	0.061	0.132	0.057	0.077	0.028	0.175	0.138	0.097	0.234	1.000
83	0.070	0.158	0.056	0.075	0.030	0.186	0.128	0.088	0.208	1.000
84	0.083	0.178	0.060	0.079	0.035	0.175	0.123	0.087	0.181	1.000
85	0.087	0.178	0.062	0.087	0.037	0.178	0.111	0.081	0.179	1.000
86	0.095	0.195	0.064	0.085	0.037	0.170	0.109	0.068	0.177	1.000
87	0.094	0.194	0.065	0.087	0.034	0.172	0.103	0.077	0.174	1.000
88	0.109	0.185	0.056	0.077	0.027	0.157	0.094	0.075	0.221	1.000
89	0.089	0.211	0.073	0.086	0.036	0.174	0.099	0.061	0.173	1.000
90	0.091	0.217	0.067	0.083	0.027	0.170	0.098	0.066	0.182	1.000
91	0.111	0.232	0.075	0.099	0.037	0.168	0.104	0.057	0.117	1.000
92	0.087	0.199	0.071	0.084	0.029	0.145	0.102	0.060	0.224	1.000
93	0.080	0.183	0.054	0.076	0.033	0.118	0.090	0.062	0.304	1.000
94	0.071	0.136	0.046	0.056	0.025	0.107	0.094	0.080	0.385	1.000
95	0.058	0.115	0.034	0.066	0.017	0.106	0.091	0.081	0.432	1.000
96	0.061	0.114	0.029	0.050	0.016	0.092	0.084	0.076	0.477	1.000
97	0.084	0.151	0.045	0.054	0.019	0.126	0.091	0.074	0.356	1.000
98	0.116	0.244	0.046	0.090	0.030	0.141	0.134	0.073	0.126	1.000
